n=5;
A=[-1 0 1 2 0;
    0.6 -1 0 0 0;
    0 0.8 -1 0 0;
    0 0 0.8 -1 0;
    0 0 0  0.6 -1];
h=[0 500 500 500 500]';
x=A^(-1)*h